1786634504.870100767|1980,276.82,16,0x0000000000000000|124.39,0|125.49,0|1.18|5771514971|5410701800
1786634506.222209968|1980,258.32,26,0x0000000000000000|124.42,0|125.44,0|1.18|15239|12615
1786634507.603754407|1980,218.94,4,0x0000000000000000|124.42,0|125.49,0|1.18|16484|13333
1786634508.993642331|1980,202.28,29,0x0000000000000000|124.45,0|125.48,0|1.18|17744|14718
1786634510.335969449|1980,266.03,35,0x0000000000000000|124.39,0|125.40,0|1.41|16242|13342
1786634511.712010525|1980,251.10,31,0x0000000000000000|124.40,0|125.44,0|1.41|14413|12132
1786634513.112344380|1980,153.76,0,0x0000000000000000|124.45,0|125.44,0|1.41|15016|13148
1786634514.439395007|1470,668.06,89,0x0000000000000004|124.46,0|125.39,0|1.77|14851|11922
1786634515.820199341|1980,556.25,88,0x0000000000000000|124.37,0|125.38,0|1.77|18164|15411
1786634517.362177264|1980,489.30,88,0x0000000000000000|124.42,0|125.39,0|1.77|17175|14245
1786634518.760065387|1980,491.19,87,0x0000000000000000|124.45,0|125.49,0|1.77|16597|12955
1786634520.157321347|1980,491.35,86,0x0000000000000000|124.32,0|125.37,0|1.79|14739|12289
1786634521.514225924|1980,493.53,88,0x0000000000000000|124.49,0|125.51,0|1.79|16048|13505
1786634522.926366193|1980,489.10,88,0x0000000000000000|124.48,0|125.42,0|1.79|17098|13779
1786634524.324651304|1380,687.64,100,0x0000000000000004|124.49,0|125.31,0|1.97|15014|13025
1786634525.656153513|1530,688.74,86,0x0000000000000004|124.51,0|125.44,0|1.97|16895|13610
1786634527.039471193|1965,641.14,88,0x0000000000000004|124.53,0|125.40,0|1.97|19627|15607
1786634528.441882181|1980,531.23,89,0x0000000000000000|124.49,0|125.47,0|1.97|15003|12504
1786634529.798182736|1980,532.35,88,0x0000000000000000|124.50,0|125.45,0|2.05|14546|12432
1786634531.195608914|1980,531.77,91,0x0000000000000000|124.47,0|125.50,0|2.05|23977|19738
1786634532.898197604|1980,536.31,91,0x0000000000000000|124.50,0|125.38,0|2.05|18506|15335
1786634534.315748996|1980,535.48,87,0x0000000000000000|124.46,0|125.44,0|2.05|15956|13081
1786634535.718509578|1980,524.20,88,0x0000000000000000|124.47,0|125.39,0|2.05|14373|11672
1786634537.064332337|1515,693.67,100,0x0000000000000004|124.50,0|125.41,0|2.05|13949|12089
1786634538.460549891|1485,698.93,92,0x0000000000000004|124.48,0|125.42,0|2.05|16865|13054
1786634539.858430887|1980,613.24,91,0x0000000000000000|124.46,0|125.39,0|2.04|14058|11660
1786634541.253315210|1980,542.69,89,0x0000000000000000|124.44,0|125.43,0|2.04|16282|13411
1786634542.673203519|1980,538.35,87,0x0000000000000000|124.42,0|125.45,0|2.04|16631|13800
1786634544.041888351|1980,541.35,91,0x0000000000000000|124.47,0|125.38,0|2.12|14506|11866
1786634545.399876856|1980,543.95,87,0x0000000000000000|124.45,0|125.44,0|2.12|17243|13987
1786634546.899619495|1980,544.03,87,0x0000000000000000|124.41,0|125.47,0|2.12|20404|18271
1786634548.586058323|1935,434.66,0,0x0000000000000004|124.42,0|125.45,0|2.12|18284|17855
1786634550.040642181|1980,417.42,77,0x0000000000000000|124.49,0|125.41,0|2.27|14209|12773
1786634551.439598669|1980,424.45,77,0x0000000000000000|124.40,0|125.45,0|2.27|14037|12153
1786634552.778444752|1980,425.24,78,0x0000000000000000|124.46,0|125.42,0|2.27|13766|12090
1786634554.180471940|1980,433.68,78,0x0000000000000000|124.45,0|125.48,0|2.25|12980|11280
1786634555.576761889|1980,312.52,75,0x0000000000000000|124.42,0|125.40,0|2.25|11442|10090
1786634556.912511927|1980,363.81,76,0x0000000000000000|124.36,0|125.40,0|2.25|12711|11483
1786634558.309706344|1980,365.29,76,0x0000000000000000|124.34,0|125.38,0|2.25|13863|11613
1786634559.706366988|1980,364.61,76,0x0000000000000000|124.36,0|125.36,0|2.23|11751|10243
1786634561.040663213|1980,321.07,0,0x0000000000000000|124.39,0|125.43,0|2.23|12723|11321
1786634562.449873509|1980,460.08,77,0x0000000000000000|124.41,0|125.43,0|2.23|16277|13584
1786634563.981461742|1980,481.97,80,0x0000000000000000|124.36,0|125.41,0|2.23|11639|10493
1786634565.323455650|1980,485.72,81,0x0000000000000000|124.40,0|125.37,0|2.29|13017|12705
1786634566.721772124|1980,479.47,79,0x0000000000000000|124.35,0|125.47,0|2.29|12382|10548
1786634568.121891675|1980,269.60,64,0x0000000000000000|124.46,0|125.46,0|2.29|10949|10262
1786634569.457385516|1980,136.22,0,0x0000000000000000|124.42,0|125.45,0|2.35|11668|11025
1786634570.845251571|1980,135.24,0,0x0000000000000000|124.42,0|125.45,0|2.35|9661|9275
1786634572.244815170|1980,140.57,0,0x0000000000000000|124.45,0|125.43,0|2.35|10318|19190
1786634573.633001633|510,78.23,0,0x0000000000000001|124.45,0|125.43,0|2.35|10308|9634
1786634575.026641123|345,75.51,0,0x0000000000000001|124.42,0|125.46,0|2.24|9057|35537
1786634576.369355536|345,74.93,0,0x0000000000000001|124.41,0|125.43,0|2.24|10031|12445
1786634577.762851372|345,74.82,0,0x0000000000000001|124.43,0|125.44,0|2.24|11077|10255
1786634579.235288003|345,74.77,0,0x0000000000000001|124.42,0|125.45,0|2.14|11986|10857
1786634580.620259283|345,74.68,0,0x0000000000000001|124.46,0|125.44,0|2.14|9884|8908
1786634582.019103066|345,74.52,0,0x0000000000000001|124.44,0|125.47,0|2.14|14373|13373
1786634583.831537675|1980,121.83,0,0x0000000000000000|124.46,0|125.49,0|2.14|11940|12369
1786634585.209061887|1980,132.93,13,0x0000000000000000|124.50,0|125.47,0|2.37|11028|11173
1786634586.546724751|1980,133.32,12,0x0000000000000000|124.51,0|125.45,0|2.37|11145|9619
1786634587.942595295|1980,168.55,81,0x0000000000000000|124.50,0|125.46,0|2.37|10844|9486
1786634589.334225586|1980,132.36,0,0x0000000000000000|124.47,0|125.43,0|2.58|10673|9959
1786634590.660312501|1980,132.05,0,0x0000000000000000|124.47,0|125.46,0|2.58|11532|10907
1786634592.016353527|1980,131.94,0,0x0000000000000000|124.48,0|125.46,0|2.58|10811|9480
1786634593.412586160|1980,131.84,0,0x0000000000000000|124.47,0|125.48,0|2.58|14269|12656
1786634594.881793311|1980,131.79,0,0x0000000000000000|124.47,0|125.47,0|2.53|10743|9414
1786634596.253627286|1980,131.36,0,0x0000000000000000|124.45,0|125.44,0|2.53|10720|9737
1786634597.583159293|1605,459.44,100,0x0000000000000004|124.43,0|125.41,0|2.53|11317|9589
1786634598.953951824|1980,155.11,45,0x0000000000000000|124.51,0|125.48,0|2.53|11897|10100
1786634600.346777643|1980,149.23,0,0x0000000000000000|124.46,0|125.43,0|2.57|10794|9724
1786634601.684238086|1980,140.32,0,0x0000000000000000|124.46,0|125.45,0|2.57|10889|9315
1786634603.056984551|1980,276.74,32,0x0000000000000000|124.46,0|125.43,0|2.57|12901|10654
1786634604.435709365|1980,253.24,11,0x0000000000000000|124.53,0|125.40,0|2.53|13901|12166
1786634605.766781742|1980,218.25,30,0x0000000000000000|124.50,0|125.50,0|2.53|11914|10378
1786634607.153477549|1980,201.57,24,0x0000000000000000|124.55,0|125.51,0|2.53|12477|10441
1786634608.554530211|1980,280.27,37,0x0000000000000000|124.50,0|125.50,0|2.53|14752|12906
1786634610.040700077|1980,255.70,39,0x0000000000000000|124.49,0|125.47,0|2.56|11572|10077
1786634611.434903245|1980,143.19,0,0x0000000000000000|124.51,0|125.47,0|2.56|11058|9392
1786634612.772932500|1440,708.79,89,0x0000000000000004|124.49,0|125.43,0|2.56|10574|9620
1786634614.147124271|1980,498.52,88,0x0000000000000000|124.46,0|125.47,0|2.60|11514|9947
1786634615.545421613|1980,491.90,88,0x0000000000000000|124.47,0|125.39,0|2.60|11387|9430
1786634616.896395651|1980,492.62,86,0x0000000000000000|124.42,0|125.49,0|2.60|11149|9827
1786634618.286123220|1980,492.41,86,0x0000000000000000|124.46,0|125.48,0|2.60|14818|12467
1786634619.681179762|1980,495.07,85,0x0000000000000000|124.49,0|125.45,0|2.55|11387|9486
1786634621.040200195|1980,501.76,86,0x0000000000000000|124.48,0|125.48,0|2.55|11258|10108
1786634622.418888245|1500,699.68,100,0x0000000000000004|124.50,0|125.40,0|2.55|12353|10256
1786634623.810837640|1485,693.27,87,0x0000000000000004|124.47,0|125.52,0|2.55|13043|11368
1786634625.198077747|1965,639.05,90,0x0000000000000004|124.46,0|125.44,0|2.51|11673|10322
1786634626.596651774|1980,542.49,87,0x0000000000000000|124.45,0|125.46,0|2.51|11765|10085
1786634628.001807842|1980,540.18,91,0x0000000000000000|124.49,0|125.39,0|2.51|11116|9411
1786634629.384906000|1980,541.97,87,0x0000000000000000|124.46,0|125.46,0|2.47|14012|12882
1786634630.731028764|1980,542.04,91,0x0000000000000000|124.49,0|125.40,0|2.47|11995|10350
1786634632.141490231|1980,543.98,89,0x0000000000000000|124.45,0|125.47,0|2.47|11855|10446
1786634633.560898871|1980,541.97,90,0x0000000000000000|124.44,0|125.38,0|2.47|11338|9834
1786634634.902283218|1290,639.16,93,0x0000000000000004|124.45,0|125.41,0|2.51|11346|9890
1786634636.281390018|1695,697.86,100,0x0000000000000004|124.42,0|125.50,0|2.51|11571|10281
1786634637.682775746|1965,651.95,79,0x0000000000000004|124.46,0|125.43,0|2.51|10988|9256
1786634639.069181085|1980,536.82,91,0x0000000000000000|124.52,0|125.44,0|2.55|13404|11603
1786634640.519704503|1980,537.72,88,0x0000000000000000|124.48,0|125.43,0|2.55|12030|10792
1786634641.880308824|1980,539.12,89,0x0000000000000000|124.45,0|125.46,0|2.55|11144|9620
1786634643.268691277|1980,537.47,91,0x0000000000000000|124.48,0|125.44,0|2.55|12605|10718
1786634644.677646300|1980,537.51,87,0x0000000000000000|124.48,0|125.35,0|2.50|11643|9977
1786634646.033478453|1980,539.49,89,0x0000000000000000|124.46,0|125.43,0|2.50|11172|10068
1786634647.428310265|1980,354.53,75,0x0000000000000000|124.42,0|125.46,0|2.50|12962|10899
1786634648.830462291|1980,414.00,75,0x0000000000000000|124.49,0|125.52,0|2.50|12336|11034
1786634650.183053014|1980,423.07,78,0x0000000000000000|124.34,0|125.47,0|2.46|12156|11415
1786634651.548816141|1980,428.38,79,0x0000000000000000|124.40,0|125.44,0|2.46|12145|10711
1786634652.924881234|1980,399.72,0,0x0000000000000000|124.41,0|125.47,0|2.46|11438|9726
1786634654.320328463|1980,360.75,75,0x0000000000000000|124.39,0|125.43,0|2.43|12627|11967
1786634655.681364083|1980,359.88,76,0x0000000000000000|124.38,0|125.43,0|2.43|12529|11225
1786634657.038003567|1980,364.70,76,0x0000000000000000|124.37,0|125.43,0|2.43|11429|10177
1786634658.441715862|1980,370.35,76,0x0000000000000000|124.42,0|125.47,0|2.43|12473|10868
1786634659.843098418|1980,386.83,76,0x0000000000000000|124.48,0|125.45,0|2.39|11391|10038
1786634661.182988490|1980,467.67,77,0x0000000000000000|124.41,0|125.49,0|2.39|12179|10498
1786634662.579439508|1980,482.60,79,0x0000000000000000|124.51,0|125.52,0|2.39|12180|10293
1786634663.946151682|1980,493.95,80,0x0000000000000000|124.50,0|125.40,0|2.39|10668|9392
1786634665.287065487|1980,506.88,81,0x0000000000000000|124.55,0|125.48,0|2.36|11734|10124
1786634666.679689089|1980,143.19,0,0x0000000000000000|124.52,0|125.47,0|2.36|11395|10356
1786634668.094181124|1980,137.27,0,0x0000000000000000|124.52,0|125.49,0|2.36|9032|8824
1786634669.470058886|1980,136.79,0,0x0000000000000000|124.50,0|125.49,0|2.33|11165|10997
1786634670.928497155|1980,140.63,0,0x0000000000000000|124.49,0|125.49,0|2.33|10592|19104
1786634672.286373453|465,95.67,0,0x0000000000000001|124.51,0|125.50,0|2.33|10483|9541
1786634673.686327666|345,75.56,0,0x0000000000000001|124.48,0|125.47,0|2.33|9767|35975
1786634675.040697652|345,75.23,0,0x0000000000000001|124.46,0|125.44,0|2.22|9844|12202
1786634676.432644105|345,75.03,0,0x0000000000000001|124.45,0|125.46,0|2.22|9752|8941
1786634677.835785965|345,74.86,0,0x0000000000000001|124.48,0|125.44,0|2.22|8681|8169
1786634679.193995156|345,74.71,0,0x0000000000000001|124.44,0|125.51,0|2.21|8952|8313
1786634680.533986792|345,74.80,0,0x0000000000000001|124.49,0|125.52,0|2.21|13151|11737
1786634682.197579228|1980,132.67,0,0x0000000000000000|124.47,0|125.49,0|2.21|12738|12985
1786634683.592743860|1980,134.13,12,0x0000000000000000|124.48,0|125.53,0|2.21|18694|16901
1786634685.112179262|1980,134.28,13,0x0000000000000000|124.48,0|125.52,0|2.27|16936|14666
1786634686.558244452|1980,168.17,0,0x0000000000000000|124.49,0|125.52,0|2.27|17013|13981
1786634687.936219956|1980,133.29,0,0x0000000000000000|124.50,0|125.50,0|2.27|15898|12675
1786634689.304653082|1980,133.08,0,0x0000000000000000|124.50,0|125.49,0|2.33|14383|12494
1786634690.642408932|1980,132.93,0,0x0000000000000000|124.47,0|125.50,0|2.33|14815|13149
1786634692.034671561|1635,221.49,76,0x0000000000000004|124.48,0|125.48,0|2.33|11219|10091
1786634693.433466589|1980,132.95,0,0x0000000000000000|124.47,0|125.48,0|2.33|11188|9675
1786634694.800402430|1980,132.65,0,0x0000000000000000|124.46,0|125.44,0|2.22|12971|11403
1786634696.188341938|1965,545.26,100,0x0000000000000004|124.41,0|125.46,0|2.22|11290|10140
1786634697.529722477|1980,182.49,19,0x0000000000000000|124.44,0|125.50,0|2.22|11812|10301
1786634698.905725983|1980,132.34,0,0x0000000000000000|124.47,0|125.47,0|2.22|11701|10106
1786634700.291182088|1980,201.21,32,0x0000000000000000|124.47,0|125.41,0|2.12|11723|10335
1786634701.639691845|1980,256.56,32,0x0000000000000000|124.47,0|125.48,0|2.12|12878|11105
1786634703.023649971|1980,239.17,35,0x0000000000000000|124.47,0|125.45,0|2.12|12816|10583
1786634704.403583853|1980,199.51,24,0x0000000000000000|124.54,0|125.59,0|2.11|12076|10557
1786634705.739666054|1980,190.60,30,0x0000000000000000|124.51,0|125.55,0|2.11|11273|9709
1786634707.120240638|1980,281.00,39,0x0000000000000000|124.45,0|125.49,0|2.11|11795|10462
1786634708.517231894|1980,244.98,31,0x0000000000000000|124.41,0|125.51,0|2.11|10931|10126
1786634709.849008603|1560,273.74,100,0x0000000000000004|124.43,0|125.46,0|2.02|10900|10221
1786634711.228741287|1485,693.82,100,0x0000000000000004|124.41,0|125.45,0|2.02|11457|10224
1786634712.628856991|1980,455.91,87,0x0000000000000000|124.39,0|125.44,0|2.02|11205|9885
1786634714.023124213|1980,491.14,88,0x0000000000000000|124.40,0|125.42,0|2.10|13740|12073
1786634715.541293870|1980,493.80,86,0x0000000000000000|124.42,0|125.49,0|2.10|12271|10632
1786634716.906677768|1980,493.23,86,0x0000000000000000|124.33,0|125.40,0|2.10|11666|10386
1786634718.266092267|1980,492.36,88,0x0000000000000000|124.36,0|125.44,0|2.10|12051|10391
1786634719.666536039|1575,476.91,14,0x0000000000000004|124.39,0|125.44,0|2.17|11147|9710
1786634721.059877555|1455,683.54,100,0x0000000000000004|124.41,0|125.41,0|2.17|10262|9220
1786634722.391741690|1515,696.20,100,0x0000000000000004|124.43,0|125.43,0|2.17|11760|10093
1786634723.763223331|1980,571.37,88,0x0000000000000000|124.40,0|125.42,0|2.17|11361|9918
1786634725.181823929|1980,532.72,89,0x0000000000000000|124.43,0|125.45,0|2.16|11416|9871
1786634726.524663333|1980,532.64,89,0x0000000000000000|124.46,0|125.46,0|2.16|18745|14749
1786634727.948976991|1980,532.52,91,0x0000000000000000|124.39,0|125.43,0|2.16|17435|13940
1786634729.363195152|1980,535.66,87,0x0000000000000000|124.42,0|125.45,0|2.23|13502|10800
1786634730.707800817|1980,536.67,89,0x0000000000000000|124.39,0|125.39,0|2.23|12851|11403
1786634732.132267253|1980,503.01,87,0x0000000000000000|124.48,0|125.43,0|2.23|15004|13227
1786634733.517102756|1695,684.34,100,0x0000000000000004|124.43,0|125.39,0|2.23|11993|10454
1786634734.861316043|1515,695.39,92,0x0000000000000004|124.43,0|125.37,0|2.21|13218|10842
1786634736.238931554|1980,607.81,89,0x0000000000000000|124.41,0|125.42,0|2.21|12942|11434
1786634737.647917438|1980,535.48,90,0x0000000000000000|124.42,0|125.37,0|2.21|16071|13568
1786634739.033978877|1980,533.62,87,0x0000000000000000|124.41,0|125.37,0|2.21|13472|11683
1786634740.396174335|1980,537.90,91,0x0000000000000000|124.37,0|125.44,0|2.67|15641|12719
1786634741.804601258|1980,538.62,91,0x0000000000000000|124.42,0|125.38,0|2.67|12540|10726
1786634743.212599011|1980,539.84,88,0x0000000000000000|124.40,0|125.39,0|2.67|11334|10094
1786634744.560228295|1980,532.33,86,0x0000000000000000|124.46,0|125.47,0|2.62|14616|12604
1786634746.075216312|1980,413.85,76,0x0000000000000000|124.45,0|125.48,0|2.62|11834|10066
1786634747.482265586|1980,422.69,75,0x0000000000000000|124.41,0|125.48,0|2.62|13823|11604
1786634748.831292188|1980,429.75,77,0x0000000000000000|124.43,0|125.42,0|2.62|11444|10144
1786634750.211021538|1980,445.00,80,0x0000000000000000|124.43,0|125.42,0|2.49|14234|13096
1786634751.597772691|1980,347.25,76,0x0000000000000000|124.46,0|125.45,0|2.49|11890|9975
1786634752.950362460|1980,366.07,77,0x0000000000000000|124.41,0|125.40,0|2.49|11984|10337
1786634754.341951105|1980,362.77,75,0x0000000000000000|124.40,0|125.37,0|2.53|12359|10770
1786634755.739060868|1980,365.72,76,0x0000000000000000|124.35,0|125.42,0|2.53|11410|9869
1786634757.075797569|1980,358.05,74,0x0000000000000000|124.42,0|125.42,0|2.53|12149|10567
1786634758.460109117|1980,459.14,75,0x0000000000000000|124.40,0|125.47,0|2.53|12454|10618
1786634759.854928993|1980,468.57,78,0x0000000000000000|124.46,0|125.40,0|2.49|11332|9792
1786634761.190362915|1980,484.31,80,0x0000000000000000|124.46,0|125.48,0|2.49|11849|10582
1786634762.597742321|1980,501.20,80,0x0000000000000000|124.40,0|125.51,0|2.49|15302|12863
1786634763.992846946|1980,421.16,0,0x0000000000000000|124.38,0|125.53,0|2.49|12172|10648
1786634765.336438217|1980,142.54,0,0x0000000000000000|124.44,0|125.49,0|2.53|10664|10182
1786634766.725165329|1980,137.35,0,0x0000000000000000|124.45,0|125.49,0|2.53|10943|10116
1786634768.117309809|1980,140.61,0,0x0000000000000000|124.42,0|125.47,0|2.53|16996|15570
1786634769.445973940|1980,140.85,0,0x0000000000000000|124.41,0|125.47,0|2.33|11130|8020
1786634770.772776237|450,77.72,0,0x0000000000000001|124.41,0|125.44,0|2.33|11502|8669
1786634772.105911423|345,75.49,0,0x0000000000000001|124.40,0|125.43,0|2.33|10618|7786
1786634773.439315034|345,75.27,0,0x0000000000000001|124.42,0|125.48,0|2.33|12281|8507
1786634774.772423182|345,75.07,0,0x0000000000000001|124.40,0|125.44,0|2.14|15629|11485
1786634776.113533952|345,74.86,0,0x0000000000000001|124.39,0|125.43,0|2.14|14751|10249
1786634777.443404572|345,74.76,0,0x0000000000000001|124.40,0|125.46,0|2.14|14741|10794
1786634778.776984717|345,74.83,0,0x0000000000000001|124.41,0|125.46,0|2.14|13729|9671
1786634780.115878391|345,74.69,0,0x0000000000000001|124.41,0|125.38,0|1.97|9259|6648
1786634781.451787456|345,74.56,0,0x0000000000000001|124.40,0|125.47,0|1.97|15214|11504
1786634782.790749538|345,74.43,0,0x0000000000000001|124.38,0|125.47,0|1.97|14517|9960
1786634784.130386964|345,74.35,0,0x0000000000000001|124.41,0|125.47,0|1.97|11420|8434
1786634785.464804752|345,74.31,0,0x0000000000000001|124.44,0|125.41,0|1.97|12971|9031
1786634786.800102232|345,74.22,0,0x0000000000000001|124.46,0|125.46,0|1.97|13496|10393
1786634788.143000308|345,74.07,0,0x0000000000000001|124.42,0|125.47,0|1.97|12653|9034
1786634789.479192775|345,74.06,0,0x0000000000000001|124.44,0|125.47,0|1.89|11209|8057
1786634790.814711809|345,73.91,0,0x0000000000000001|124.43,0|125.49,0|1.89|12241|8598
1786634792.150269444|345,73.83,0,0x0000000000000001|124.44,0|125.49,0|1.89|11535|8306
1786634793.484830699|345,73.80,0,0x0000000000000001|124.44,0|125.53,0|1.89|10879|8480
1786634794.820027356|345,73.71,0,0x0000000000000001|124.46,0|125.47,0|1.74|11002|8195
1786634796.126322607|345,73.68,0,0x0000000000000001|124.43,0|125.48,0|1.74|13130|9148
1786634797.461067922|345,73.55,0,0x0000000000000001|124.44,0|125.48,0|1.74|14944|10028
1786634798.796670034|345,73.54,0,0x0000000000000001|124.47,0|125.51,0|1.74|14443|10951
1786634800.131922182|345,73.45,0,0x0000000000000001|124.49,0|125.46,0|1.84|14680|10914
1786634801.464618389|345,73.43,0,0x0000000000000001|124.46,0|125.49,0|1.84|12576|8423
1786634802.799392539|345,73.39,0,0x0000000000000001|124.49,0|125.51,0|1.84|12830|8818
1786634804.129386858|345,73.37,0,0x0000000000000001|124.48,0|125.47,0|1.86|13924|10400
1786634805.466618590|345,73.25,0,0x0000000000000001|124.49,0|125.51,0|1.86|13997|9987
1786634806.878883728|345,73.23,0,0x0000000000000001|124.47,0|125.52,0|1.86|11977|8500
1786634808.213888127|345,73.20,0,0x0000000000000001|124.48,0|125.46,0|1.86|13658|10120
1786634809.554306699|345,73.17,0,0x0000000000000001|124.48,0|125.47,0|1.79|14995|11113
1786634810.890731170|345,73.11,0,0x0000000000000001|124.51,0|125.51,0|1.79|15181|11176
1786634812.227796619|345,73.14,0,0x0000000000000001|124.47,0|125.52,0|1.79|12938|9063
1786634813.547528441|345,73.23,0,0x0000000000000001|124.47,0|125.51,0|1.79|11964|8078
1786634814.883248112|345,73.27,0,0x0000000000000001|124.48,0|125.51,0|1.72|13288|9837
1786634816.219872632|345,73.25,0,0x0000000000000001|124.45,0|125.47,0|1.72|13224|8967
1786634817.548900209|345,73.16,0,0x0000000000000001|124.45,0|125.52,0|1.72|14541|9462
1786634818.883084977|345,73.14,0,0x0000000000000001|124.46,0|125.46,0|1.72|12068|8969
1786634820.217195094|345,73.11,0,0x0000000000000001|124.44,0|125.51,0|1.75|12775|9280
1786634821.556696415|345,73.14,0,0x0000000000000001|124.44,0|125.53,0|1.75|9623|6904
1786634822.893778914|345,73.04,0,0x0000000000000001|124.44,0|125.52,0|1.75|16417|12180
1786634824.341194253|345,73.02,0,0x0000000000000001|124.46,0|125.51,0|1.93|12957|9814
1786634825.677075061|345,73.07,0,0x0000000000000001|124.43,0|125.51,0|1.93|12114|8553
1786634827.009461643|345,73.00,0,0x0000000000000001|124.42,0|125.50,0|1.93|11004|7588
1786634828.343471403|345,72.96,0,0x0000000000000001|124.46,0|125.47,0|1.93|12966|9782
1786634829.666099468|345,73.01,0,0x0000000000000001|124.45,0|125.50,0|1.93|16435|25682
1786634831.087611256|345,72.92,0,0x0000000000000001|124.44,0|125.46,0|1.93|13749|11224
1786634832.476286836|345,72.94,0,0x0000000000000001|124.46,0|125.52,0|1.93|11413|9624
1786634833.818428521|345,73.02,0,0x0000000000000001|124.46,0|125.50,0|1.93|12326|30137
1786634835.146603304|345,72.85,0,0x0000000000000001|124.44,0|125.50,0|2.02|13463|10932
1786634836.479833908|345,72.92,0,0x0000000000000001|124.46,0|125.47,0|2.02|14031|14760
1786634837.817803811|345,72.86,0,0x0000000000000001|124.46,0|125.50,0|2.02|12866|31056
1786634839.181970431|345,72.80,0,0x0000000000000001|124.47,0|125.54,0|2.10|14103|12008
1786634840.528354164|345,72.90,0,0x0000000000000001|124.46,0|125.53,0|2.10|12382|30425
1786634841.793936293|345,72.80,0,0x0000000000000001|124.43,0|125.51,0|2.10|11957|43266
1786634843.088759353|345,72.88,0,0x0000000000000001|124.44,0|125.50,0|2.10|12191|10070
1786634844.417515326|345,72.79,0,0x0000000000000001|124.44,0|125.49,0|2.17|12816|15856
1786634845.753223312|345,72.85,0,0x0000000000000001|124.46,0|125.49,0|2.17|15719|21585
1786634847.142249785|345,72.74,0,0x0000000000000001|124.47,0|125.54,0|2.17|13787|11219
1786634848.556485998|345,72.78,0,0x0000000000000001|124.47,0|125.49,0|2.17|13751|38751
1786634849.944865835|345,72.76,0,0x0000000000000001|124.47,0|125.55,0|2.24|15048|16132
1786634851.342545237|345,72.72,0,0x0000000000000001|124.47,0|125.50,0|2.24|16324|12944
1786634852.701428474|345,72.73,0,0x0000000000000001|124.48,0|125.48,0|2.24|12575|10895
1786634854.044064598|345,72.79,0,0x0000000000000001|124.49,0|125.50,0|2.38|13050|12011
1786634855.432701018|345,72.69,0,0x0000000000000001|124.47,0|125.52,0|2.38|17038|14129
1786634857.322021592|1980,118.53,0,0x0000000000000000|124.47,0|125.52,0|2.38|14049|13291
1786634858.714525444|1980,129.74,12,0x0000000000000000|124.48,0|125.52,0|2.38|13866|11974
1786634860.063696821|1980,130.16,13,0x0000000000000000|124.50,0|125.51,0|2.35|13928|12497
1786634861.448450565|1980,159.94,52,0x0000000000000000|124.51,0|125.53,0|2.35|13357|10823
1786634862.835811614|1980,129.52,0,0x0000000000000000|124.53,0|125.49,0|2.35|14380|11349
1786634864.169426827|1980,129.41,0,0x0000000000000000|124.51,0|125.52,0|2.40|10966|10183
1786634865.533684126|1980,129.39,0,0x0000000000000000|124.52,0|125.51,0|2.40|11136|9855
1786634866.905711651|1980,129.45,0,0x0000000000000000|124.52,0|125.52,0|2.40|12421|10798
1786634868.240550794|1980,173.93,0,0x0000000000000000|124.51,0|125.48,0|2.40|10788|9568
1786634869.625717785|1980,128.87,0,0x0000000000000000|124.52,0|125.54,0|2.37|13782|12490
1786634871.015783570|1560,443.42,100,0x0000000000000004|124.53,0|125.47,0|2.37|13327|11481
1786634872.353172751|1980,132.92,0,0x0000000000000000|124.49,0|125.47,0|2.37|11354|9737
1786634873.737184221|1980,152.87,0,0x0000000000000000|124.52,0|125.52,0|2.37|12029|10680
1786634875.112628146|1980,154.56,0,0x0000000000000000|124.49,0|125.51,0|2.34|13440|11184
1786634876.462175656|1980,268.33,24,0x0000000000000000|124.50,0|125.48,0|2.34|11626|9832
1786634877.852177586|1980,248.54,21,0x0000000000000000|124.49,0|125.44,0|2.34|13288|10757
1786634879.250093122|1980,208.85,17,0x0000000000000000|124.50,0|125.49,0|2.63|11481|10064
1786634880.581493761|1980,191.97,17,0x0000000000000000|124.55,0|125.52,0|2.63|12343|10295
1786634881.962343919|1980,286.99,33,0x0000000000000000|124.53,0|125.54,0|2.63|11643|10118
1786634883.363713890|1980,244.81,42,0x0000000000000000|124.49,0|125.58,0|2.63|11798|10305
1786634884.743501102|1920,198.11,0,0x0000000000000004|124.51,0|125.55,0|2.58|11745|10582
1786634886.135953190|1635,700.43,100,0x0000000000000004|124.47,0|125.46,0|2.58|10358|9077
1786634887.484573399|1980,470.64,87,0x0000000000000000|124.45,0|125.44,0|2.58|11930|9961
1786634888.881693687|1980,489.85,87,0x0000000000000000|124.46,0|125.47,0|2.58|13085|11038
1786634890.258163455|1980,493.90,86,0x0000000000000000|124.43,0|125.41,0|2.53|12549|11226
1786634891.673647316|1980,496.24,86,0x0000000000000000|124.34,0|125.42,0|2.53|12547|10792
1786634893.075514328|1980,495.05,86,0x0000000000000000|124.40,0|125.47,0|2.53|12037|10727
1786634894.477345248|1980,464.11,80,0x0000000000000000|124.45,0|125.46,0|2.65|12070|10412
1786634895.839983701|1560,696.28,92,0x0000000000000004|124.49,0|125.46,0|2.65|11403|9512
1786634897.213239828|1470,691.53,100,0x0000000000000004|124.54,0|125.44,0|2.65|11112|10454
1786634898.595347974|1980,588.11,89,0x0000000000000000|124.50,0|125.50,0|2.65|12045|10579
1786634900.002598991|1980,529.63,89,0x0000000000000000|124.47,0|125.49,0|2.76|13057|11569
1786634901.359831688|1980,528.89,88,0x0000000000000000|124.45,0|125.51,0|2.76|11013|9670
1786634902.744331054|1980,525.26,87,0x0000000000000000|124.40,0|125.41,0|2.76|12422|10618
1786634904.166426212|1980,534.67,91,0x0000000000000000|124.44,0|125.45,0|2.86|11604|10510
1786634905.545476326|1980,532.15,89,0x0000000000000000|124.41,0|125.46,0|2.86|12432|10521
1786634906.885728417|1980,532.45,88,0x0000000000000000|124.39,0|125.45,0|2.86|12706|11283
1786634908.277745363|1500,691.39,87,0x0000000000000004|124.39,0|125.46,0|2.86|11579|10198
1786634909.674057068|1560,689.91,100,0x0000000000000004|124.50,0|125.46,0|2.87|10755|9462
1786634911.049602225|1965,619.26,91,0x0000000000000004|124.42,0|125.46,0|2.87|12967|11175
1786634912.466709707|1980,544.24,87,0x0000000000000000|124.39,0|125.43,0|2.87|11334|9862
1786634913.833961807|1980,542.90,91,0x0000000000000000|124.39,0|125.41,0|2.87|11318|10159
1786634915.177421756|1980,543.33,87,0x0000000000000000|124.44,0|125.47,0|2.80|12576|10996
1786634916.574946858|1980,543.15,91,0x0000000000000000|124.46,0|125.40,0|2.80|11665|10134
1786634917.978151924|1980,545.88,89,0x0000000000000000|124.39,0|125.50,0|2.80|11129|9761
1786634919.321864113|1980,547.20,87,0x0000000000000000|124.38,0|125.40,0|2.82|13763|11556
1786634920.725489665|1980,410.10,77,0x0000000000000000|124.35,0|125.39,0|2.82|12410|10422
1786634922.121770374|1980,417.03,77,0x0000000000000000|124.44,0|125.44,0|2.82|11301|9653
1786634923.460726792|1980,428.60,78,0x0000000000000000|124.39,0|125.42,0|2.82|12552|10605
1786634924.848642826|1980,443.71,80,0x0000000000000000|124.41,0|125.48,0|2.75|12105|10795
1786634926.250104441|1980,362.35,17,0x0000000000000000|124.36,0|125.41,0|2.75|11147|9693
1786634927.585908476|1980,348.89,61,0x0000000000000000|124.37,0|125.34,0|2.75|12565|10678
1786634928.959382176|1980,365.48,76,0x0000000000000000|124.38,0|125.42,0|2.75|11969|10678
1786634930.367883003|1980,367.21,77,0x0000000000000000|124.41,0|125.40,0|2.69|16280|14721
1786634931.726287447|1980,369.67,78,0x0000000000000000|124.37,0|125.39,0|2.69|11658|10057
1786634933.111707180|1980,420.89,74,0x0000000000000000|124.41,0|125.46,0|2.69|11824|10319
1786634934.515846411|1980,468.80,80,0x0000000000000000|124.43,0|125.39,0|2.64|12205|10416
1786634935.872204354|1980,485.37,81,0x0000000000000000|124.49,0|125.47,0|2.64|12854|11011
1786634937.261521055|1980,498.78,82,0x0000000000000000|124.43,0|125.44,0|2.64|11556|10139
1786634938.655693516|1980,471.14,45,0x0000000000000000|124.41,0|125.45,0|2.64|11817|10062
1786634940.014360355|1980,142.05,4,0x0000000000000000|124.44,0|125.48,0|2.58|9010|8662
1786634941.342741515|1980,136.66,0,0x0000000000000000|124.44,0|125.44,0|2.58|9001|8654
1786634942.714783977|1980,139.41,34,0x0000000000000000|124.44,0|125.43,0|2.58|10587|11324
1786634944.080624401|645,107.16,0,0x0000000000000001|124.42,0|125.38,0|2.70|11064|18226
1786634945.610408677|345,75.88,0,0x0000000000000001|124.42,0|125.43,0|2.70|11957|10836
1786634947.015058797|345,75.07,0,0x0000000000000001|124.39,0|125.39,0|2.70|10217|35760
1786634948.401008061|345,74.87,0,0x0000000000000001|124.38,0|125.47,0|2.70|111118|12707
1786634949.816956470|345,74.71,0,0x0000000000000001|124.38,0|125.42,0|2.64|9551|9477
1786634951.152042955|345,74.68,0,0x0000000000000001|124.39,0|125.40,0|2.64|9513|9239
1786634952.548595317|345,74.64,0,0x0000000000000001|124.39,0|125.43,0|2.64|9406|8941
1786634953.956000705|345,74.53,0,0x0000000000000001|124.42,0|125.45,0|2.67|11964|11709
1786634955.449748466|1980,132.83,0,0x0000000000000000|124.44,0|125.45,0|2.67|12519|12152
1786634956.842257937|1980,133.47,12,0x0000000000000000|124.41,0|125.38,0|2.67|11091|10258
1786634958.210634018|1980,133.56,11,0x0000000000000000|124.43,0|125.44,0|2.67|12467|11159
1786634959.566223380|1980,167.98,0,0x0000000000000000|124.47,0|125.42,0|2.62|12663|10717
1786634960.963906149|1980,132.23,0,0x0000000000000000|124.44,0|125.45,0|2.62|12470|10961
1786634962.365377853|1980,132.08,0,0x0000000000000000|124.46,0|125.43,0|2.62|11886|10225
1786634963.743608338|1980,131.98,0,0x0000000000000000|124.47,0|125.44,0|2.62|11925|10237
1786634965.131233139|1800,237.43,100,0x0000000000000004|124.47,0|125.43,0|2.57|11902|10347
1786634966.460076179|1980,130.82,0,0x0000000000000000|124.48,0|125.43,0|2.57|10894|9380
1786634967.814706435|1980,130.66,0,0x0000000000000000|124.48,0|125.42,0|2.57|11884|9917
1786634969.206753128|1950,544.33,61,0x0000000000000004|124.40,0|125.39,0|2.52|10521|9556
1786634970.579456473|1980,196.23,3,0x0000000000000000|124.44,0|125.46,0|2.52|11568|10347
1786634971.967382527|1980,131.96,0,0x0000000000000000|124.46,0|125.42,0|2.52|10285|8749
1786634973.312621775|1980,201.57,28,0x0000000000000000|124.50,0|125.45,0|2.52|11336|10033
1786634974.689861107|1980,267.58,34,0x0000000000000000|124.40,0|125.45,0|2.48|12339|10549
1786634976.074095816|1980,234.84,16,0x0000000000000000|124.45,0|125.43,0|2.48|12761|11372
1786634977.478877571|1980,205.16,33,0x0000000000000000|124.53,0|125.48,0|2.48|11872|10262
1786634978.849985840|1980,214.24,10,0x0000000000000000|124.49,0|125.48,0|2.48|12820|10622
1786634980.239210043|1980,269.69,41,0x0000000000000000|124.46,0|125.41,0|2.36|10753|9873
1786634981.574350700|1980,222.98,0,0x0000000000000000|124.50,0|125.48,0|2.36|11399|9865
1786634982.954946484|1560,339.02,50,0x0000000000000004|124.47,0|125.41,0|2.36|11235|9543
1786634984.342494171|1560,695.84,89,0x0000000000000004|124.47,0|125.40,0|2.33|10174|9679
1786634985.671060330|1980,468.20,88,0x0000000000000000|124.43,0|125.40,0|2.33|12769|10528
1786634987.067179525|1980,495.59,88,0x0000000000000000|124.41,0|125.44,0|2.33|12521|10659
1786634988.481239150|1980,498.27,88,0x0000000000000000|124.43,0|125.40,0|2.33|12036|10736
1786634989.831398827|1980,497.13,88,0x0000000000000000|124.42,0|125.34,0|2.30|11528|10340
1786634991.223978900|1980,497.89,88,0x0000000000000000|124.49,0|125.52,0|2.30|15035|13090
1786634992.634835649|1545,492.36,21,0x0000000000000004|124.41,0|125.39,0|2.30|11670|10473
1786634994.013157676|1470,691.93,100,0x0000000000000004|124.43,0|125.42,0|2.30|10259|8959
1786634995.349346435|1440,690.76,88,0x0000000000000004|124.40,0|125.44,0|2.28|11240|9788
1786634996.721648328|1980,567.27,87,0x0000000000000000|124.41,0|125.43,0|2.28|11534|9935
1786634998.136627989|1980,541.73,91,0x0000000000000000|124.43,0|125.42,0|2.28|12240|10693
1786634999.534652539|1980,541.10,86,0x0000000000000000|124.45,0|125.39,0|2.26|11695|9879
1786635000.944635094|1980,542.20,91,0x0000000000000000|124.45,0|125.37,0|2.26|13015|10940
1786635002.335947115|1980,540.10,87,0x0000000000000000|124.44,0|125.43,0|2.26|10919|9748
1786635003.682043592|1980,541.18,89,0x0000000000000000|124.42,0|125.40,0|2.26|11835|10235
1786635005.085824055|1980,470.09,85,0x0000000000000000|124.43,0|125.48,0|2.16|11959|10657
1786635006.474002191|1530,687.98,100,0x0000000000000004|124.47,0|125.36,0|2.16|11500|9800
1786635007.811491846|1500,690.94,94,0x0000000000000004|124.43,0|125.35,0|2.16|12178|10580
1786635009.188260692|1980,594.59,87,0x0000000000000000|124.46,0|125.44,0|2.14|11624|10220
1786635010.597553536|1980,536.23,91,0x0000000000000000|124.49,0|125.42,0|2.14|12104|11177
1786635011.953607272|1980,534.41,87,0x0000000000000000|124.49,0|125.40,0|2.14|11616|10674
1786635013.370497515|1980,535.65,89,0x0000000000000000|124.51,0|125.36,0|2.14|12251|10333
1786635014.778493983|1980,538.65,90,0x0000000000000000|124.50,0|125.41,0|2.05|12130|10167
1786635016.134352390|1980,538.07,87,0x0000000000000000|124.46,0|125.47,0|2.05|11823|10397
1786635017.539343084|1980,507.43,85,0x0000000000000000|124.47,0|125.43,0|2.05|11613|10051
1786635018.914683354|1980,414.63,76,0x0000000000000000|124.43,0|125.48,0|2.05|11898|10682
1786635020.251938026|1980,415.23,76,0x0000000000000000|124.45,0|125.52,0|1.97|11787|10423
1786635021.648548475|1980,422.67,77,0x0000000000000000|124.50,0|125.42,0|1.97|11410|9952
1786635023.037607393|1980,435.21,77,0x0000000000000000|124.50,0|125.50,0|1.97|12994|11170
1786635024.388681851|1980,347.39,75,0x0000000000000000|124.48,0|125.48,0|1.97|11664|10336
1786635025.776173239|1980,365.73,76,0x0000000000000000|124.47,0|125.45,0|1.97|12650|10880
1786635027.181182465|1980,367.56,76,0x0000000000000000|124.48,0|125.45,0|1.97|11676|9999
1786635028.534800914|1980,367.83,75,0x0000000000000000|124.43,0|125.45,0|1.97|11214|9893
1786635029.915435067|1980,364.32,77,0x0000000000000000|124.48,0|125.44,0|1.97|11449|10322
1786635031.295167842|1980,459.50,78,0x0000000000000000|124.50,0|125.47,0|1.97|11279|9860
1786635032.639118433|1980,472.33,79,0x0000000000000000|124.48,0|125.48,0|1.97|11427|9945
1786635034.022104429|1980,493.49,81,0x0000000000000000|124.53,0|125.48,0|1.97|11581|10706
1786635035.418562132|1980,492.09,81,0x0000000000000000|124.49,0|125.52,0|1.98|11301|9891
1786635036.771815920|1980,395.64,0,0x0000000000000000|124.54,0|125.53,0|1.98|10318|9081
1786635038.101520731|1980,142.60,0,0x0000000000000000|124.54,0|125.55,0|1.98|11732|10805
1786635039.478300006|1980,137.37,0,0x0000000000000000|124.55,0|125.52,0|1.90|11151|10123
1786635040.859106970|1980,140.82,0,0x0000000000000000|124.60,0|125.52,0|1.90|10779|19345
1786635042.216997763|660,98.62,0,0x0000000000000001|124.56,0|125.51,0|1.90|10682|9673
1786635043.686318015|345,76.11,0,0x0000000000000001|124.56,0|125.54,0|1.90|9371|8906
1786635045.074549867|345,74.93,0,0x0000000000000001|124.52,0|125.54,0|1.91|9320|38893
1786635046.469453035|345,74.84,0,0x0000000000000001|124.58,0|125.50,0|1.91|10014|8752
1786635047.831162334|345,74.62,0,0x0000000000000001|124.56,0|125.52,0|1.91|8869|8170
1786635049.214571294|345,74.86,0,0x0000000000000001|124.58,0|125.51,0|2.31|9974|9744
1786635050.613755695|345,74.91,0,0x0000000000000001|124.59,0|125.53,0|2.31|11723|10473
1786635052.015252110|1980,80.00,0,0x0000000000000000|124.62,0|125.56,0|2.31|12069|11681
1786635053.436184710|1980,133.15,1,0x0000000000000000|124.62,0|125.53,0|2.31|13759|12662
1786635054.787432828|1980,134.02,13,0x0000000000000000|124.59,0|125.57,0|2.37|11517|10781
1786635056.183748117|1980,133.82,12,0x0000000000000000|124.60,0|125.55,0|2.37|10131|9009
1786635057.515530442|1980,166.87,3,0x0000000000000000|124.64,0|125.57,0|2.37|11876|9956
1786635058.894713001|1980,132.73,0,0x0000000000000000|124.59,0|125.59,0|2.37|11374|9335
1786635060.284350680|1980,132.54,0,0x0000000000000000|124.61,0|125.55,0|2.34|10046|8903
1786635061.656872655|1980,132.44,0,0x0000000000000000|124.61,0|125.57,0|2.34|11141|9787
1786635063.039402508|1965,240.14,0,0x0000000000000004|124.60,0|125.58,0|2.34|10367|8874
1786635064.373291089|1980,131.26,0,0x0000000000000000|124.57,0|125.57,0|2.31|10474|9292
1786635065.743167064|1980,131.09,0,0x0000000000000000|124.60,0|125.58,0|2.31|10644|9280
1786635067.113259896|1980,436.98,0,0x0000000000000000|124.52,0|125.61,0|2.31|12392|11172
1786635068.456075263|1980,211.67,6,0x0000000000000000|124.57,0|125.57,0|2.31|19706|16273
1786635069.893307726|1980,136.23,19,0x0000000000000000|124.58,0|125.61,0|2.29|15368|12309
1786635071.291329504|1980,266.67,37,0x0000000000000000|124.53,0|125.59,0|2.29|13511|11332
1786635072.621882368|1980,263.17,36,0x0000000000000000|124.52,0|125.55,0|2.29|13962|11276
1786635073.967114400|1980,219.51,15,0x0000000000000000|124.56,0|125.54,0|2.29|14902|12073
1786635075.364569985|1980,200.15,12,0x0000000000000000|124.55,0|125.61,0|2.26|13738|11369
1786635076.697308120|1980,253.86,42,0x0000000000000000|124.55,0|125.52,0|2.26|13932|11738
1786635078.081066382|1980,251.87,38,0x0000000000000000|124.59,0|125.60,0|2.26|15301|12453
1786635079.477301540|1980,178.75,30,0x0000000000000000|124.62,0|125.57,0|2.24|14395|12124
1786635080.806837655|1755,547.95,100,0x0000000000000004|124.54,0|125.49,0|2.24|13938|11285
1786635082.194852650|1965,589.58,61,0x0000000000000004|124.51,0|125.55,0|2.24|14139|11564
1786635083.600893086|1980,492.69,88,0x0000000000000000|124.56,0|125.54,0|2.24|18401|14713
1786635085.047027850|1980,489.68,88,0x0000000000000000|124.51,0|125.57,0|2.30|15556|13377
1786635086.460024788|1980,496.70,88,0x0000000000000000|124.53,0|125.50,0|2.30|19197|14455
1786635087.861091571|1980,495.88,88,0x0000000000000000|124.52,0|125.54,0|2.30|16743|13181
1786635089.201847501|1980,502.46,86,0x0000000000000000|124.54,0|125.44,0|2.36|15672|12989
1786635090.621901274|1545,619.65,100,0x0000000000000004|124.54,0|125.53,0|2.36|15305|12307
1786635092.014213723|1410,701.75,93,0x0000000000000004|124.57,0|125.54,0|2.36|15835|13567
1786635093.462958957|1965,653.00,96,0x0000000000000004|124.55,0|125.52,0|2.36|16084|13346
1786635094.877822555|1980,542.55,87,0x0000000000000000|124.56,0|125.57,0|2.25|14829|11900
1786635096.218037076|1980,539.79,91,0x0000000000000000|124.49,0|125.49,0|2.25|14540|11670
1786635097.635704165|1980,544.69,87,0x0000000000000000|124.51,0|125.52,0|2.25|14725|11549
1786635099.052044180|1980,545.19,90,0x0000000000000000|124.49,0|125.52,0|2.31|16889|14576
1786635100.560197914|1980,545.58,89,0x0000000000000000|124.49,0|125.57,0|2.31|16304|12710
1786635101.967654062|1980,542.47,88,0x0000000000000000|124.52,0|125.43,0|2.31|14170|11155
1786635103.353989877|1485,636.66,100,0x0000000000000004|124.50,0|125.52,0|2.31|13311|11586
1786635104.683266216|1395,691.15,100,0x0000000000000004|124.49,0|125.49,0|2.29|15839|12566
1786635106.061816423|1860,653.03,100,0x0000000000000004|124.55,0|125.52,0|2.29|15978|12459
1786635107.483436560|1980,533.92,88,0x0000000000000000|124.48,0|125.51,0|2.29|16725|12931
1786635108.829832657|1980,541.40,91,0x0000000000000000|124.45,0|125.42,0|2.29|18597|15208
1786635110.342825348|1980,538.61,89,0x0000000000000000|124.46,0|125.48,0|2.18|19006|16160
1786635111.752877702|1980,540.14,89,0x0000000000000000|124.45,0|125.45,0|2.18|17551|13683
1786635113.147358039|1980,538.20,91,0x0000000000000000|124.41,0|125.47,0|2.18|15433|13231
1786635114.557629428|1980,537.02,89,0x0000000000000000|124.43,0|125.45,0|2.25|22372|18315
1786635116.091797353|1980,384.15,76,0x0000000000000000|124.39,0|125.51,0|2.25|15161|12367
1786635117.481522541|1980,424.11,78,0x0000000000000000|124.44,0|125.50,0|2.25|16981|13033
1786635118.881486112|1980,425.43,80,0x0000000000000000|124.40,0|125.28,0|2.25|16313|12962
1786635120.213693340|1980,432.36,77,0x0000000000000000|124.44,0|125.35,0|2.23|16346|13221
1786635121.616614697|1980,360.45,48,0x0000000000000000|124.45,0|125.48,0|2.23|16972|12843
1786635123.023707465|1980,367.30,76,0x0000000000000000|124.37,0|125.48,0|2.23|19118|14912
1786635124.362736474|1980,366.44,77,0x0000000000000000|124.40,0|125.44,0|2.13|21443|16742
1786635125.769529179|1980,367.64,78,0x0000000000000000|124.46,0|125.49,0|2.13|19385|14386
1786635127.177798943|1980,371.85,77,0x0000000000000000|124.43,0|125.41,0|2.13|19768|14298
1786635128.513713996|1980,477.36,79,0x0000000000000000|124.45,0|125.51,0|2.13|17410|14346
1786635129.904621432|1980,486.45,80,0x0000000000000000|124.46,0|125.41,0|2.04|19984|16543
1786635131.428024391|1980,494.37,80,0x0000000000000000|124.48,0|125.48,0|2.04|16332|13026
1786635132.818517587|1980,502.32,80,0x0000000000000000|124.53,0|125.54,0|2.04|14443|11750
1786635134.222301266|1980,379.99,0,0x0000000000000000|124.54,0|125.54,0|2.04|15660|14983
1786635135.551892710|1980,138.47,0,0x0000000000000000|124.51,0|125.53,0|2.04|15660|12528
1786635136.941283658|1980,136.19,0,0x0000000000000000|124.55,0|125.48,0|2.04|10416|9215
1786635138.338118293|1980,139.49,0,0x0000000000000000|124.53,0|125.49,0|2.04|13577|12939
1786635139.663286823|780,136.03,0,0x0000000000000001|124.51,0|125.56,0|1.95|11051|7785
1786635140.998695434|420,76.87,0,0x0000000000000001|124.50,0|125.52,0|1.95|11466|7727
1786635142.339328223|345,75.02,0,0x0000000000000001|124.47,0|125.50,0|1.95|14182|9838
1786635143.793216765|345,74.74,0,0x0000000000000001|124.49,0|125.54,0|1.95|12947|9171
1786635145.129073575|345,74.83,0,0x0000000000000001|124.50,0|125.49,0|1.80|14308|9945
1786635146.466660659|345,75.04,0,0x0000000000000001|124.50,0|125.47,0|1.80|11706|7949
1786635147.797751959|345,74.87,0,0x0000000000000001|124.49,0|125.57,0|1.80|13179|8868
1786635149.131272160|345,74.74,0,0x0000000000000001|124.47,0|125.53,0|1.73|13295|9906
1786635150.535513271|345,74.66,0,0x0000000000000001|124.47,0|125.50,0|1.73|12114|8357
1786635151.868117666|345,74.50,0,0x0000000000000001|124.50,0|125.57,0|1.73|14865|13267
1786635153.244850756|345,74.42,0,0x0000000000000001|124.50,0|125.57,0|1.73|16087|12812
1786635154.585728552|345,74.33,0,0x0000000000000001|124.50,0|125.49,0|1.75|14860|10090
1786635155.912167351|345,74.21,0,0x0000000000000001|124.51,0|125.54,0|1.75|15692|10034
1786635157.247283663|345,74.14,0,0x0000000000000001|124.51,0|125.57,0|1.75|14594|9457
1786635158.590015633|345,74.10,0,0x0000000000000001|124.51,0|125.53,0|1.75|15624|10451
1786635159.924798730|345,74.00,0,0x0000000000000001|124.51,0|125.52,0|1.61|13653|9062
1786635161.262080987|345,73.98,0,0x0000000000000001|124.48,0|125.52,0|1.61|13700|9457
1786635162.597820978|345,73.82,0,0x0000000000000001|124.47,0|125.58,0|1.61|11339|7550
1786635163.933433685|345,73.76,0,0x0000000000000001|124.50,0|125.58,0|1.61|13159|9707
1786635165.268534006|345,73.70,0,0x0000000000000001|124.51,0|125.54,0|1.48|11264|7765
1786635166.606200483|345,73.68,0,0x0000000000000001|124.51,0|125.57,0|1.48|11851|7882
1786635167.939530176|345,73.63,0,0x0000000000000001|124.55,0|125.61,0|1.48|16119|12041
1786635169.274879692|345,73.54,0,0x0000000000000001|124.54,0|125.57,0|1.52|17115|13595
1786635170.609666646|345,73.53,0,0x0000000000000001|124.53,0|125.61,0|1.52|15453|11808
1786635171.952364951|345,73.45,0,0x0000000000000001|124.54,0|125.62,0|1.52|10492|8935
1786635173.287072061|345,73.44,0,0x0000000000000001|124.51,0|125.65,0|1.52|11984|9094
1786635174.622321162|345,73.45,0,0x0000000000000001|124.52,0|125.59,0|1.40|11924|8901
1786635175.952756773|345,73.47,0,0x0000000000000001|124.55,0|125.64,0|1.40|13559|9751
1786635177.400769108|345,73.37,0,0x0000000000000001|124.51,0|125.63,0|1.40|13620|9539
1786635178.738914364|345,73.38,0,0x0000000000000001|124.51,0|125.61,0|1.40|13721|9895
1786635180.073644037|345,73.32,0,0x0000000000000001|124.53,0|125.64,0|1.29|13424|9233
1786635181.410629328|345,73.24,0,0x0000000000000001|124.52,0|125.65,0|1.29|13342|8902
1786635182.747278447|345,73.19,0,0x0000000000000001|124.51,0|125.63,0|1.29|14330|9512
1786635184.088915498|345,73.23,0,0x0000000000000001|124.53,0|125.62,0|1.29|11985|9084
1786635185.423601898|345,73.23,0,0x0000000000000001|124.55,0|125.68,0|1.19|15279|10251
1786635186.761663951|345,73.17,0,0x0000000000000001|124.53,0|125.63,0|1.19|13027|8799
1786635188.087277912|345,73.14,0,0x0000000000000001|124.55,0|125.64,0|1.19|12006|8469
1786635189.415955128|345,73.07,0,0x0000000000000001|124.55,0|125.61,0|1.25|12860|9437
1786635190.754948242|345,73.12,0,0x0000000000000001|124.53,0|125.65,0|1.25|12713|9008
1786635192.082270110|345,73.07,0,0x0000000000000001|124.56,0|125.67,0|1.25|13446|9885
1786635193.411582851|345,72.94,0,0x0000000000000001|124.55,0|125.65,0|1.25|12313|8759
