Per-forward GPU-timeline decomposition (rank0, FULL-CG draft arm, K4 b8 16k W512 cap544)
kind: T=target-verify (has FlashAttnFwd), D=draft chain step (scratchpad SDPA)
 fwd kind  t_rel_s  wall_ms  busy_ms  idle%  nkern medgap_us
   0    T     0.00    29.22    27.54    5.8   1050     0.128
   1    T     0.03    20.47    19.48    4.8   1322     0.128
   2    D     0.05    12.14    10.53   13.3   2425     0.416
   3    D     0.06    12.13    10.52   13.3   2425     0.416
   4    D     0.08    12.09    10.50   13.2   2408     0.416
   5    T     0.10    55.59    50.70    8.8   1092     0.128
   6    T     0.15    24.04    23.03    4.2   1335     0.128
   7    D     0.18    16.87    15.29    9.4   2473     0.416
   8    D     0.19    17.04    15.45    9.3   2473     0.416
   9    D     0.21    17.13    15.57    9.2   2455     0.416
  10    T     0.23    77.04    72.77    5.5   1092     0.128
  11    T     0.31    23.55    22.44    4.7   1335     0.128
  12    D     0.33    20.24    18.63    8.0   2521     0.416
  13    D     0.35    20.26    18.65    7.9   2521     0.416
  14    D     0.37    20.45    18.87    7.8   2503     0.416
  15    T     0.40   128.57   124.60    3.1   1092     0.128
  16    T     0.53    25.25    24.14    4.4   1335     0.128
  17    D     0.56    30.77    29.16    5.3   2521     0.416
  18    D     0.59    30.74    29.12    5.2   2521     0.416
  19    D     0.62    31.01    29.42    5.1   2503     0.416
  20    T     0.65    91.39    88.93    2.7   1093     0.448
  21    T     0.74    15.29    14.26    6.7   1349     0.128
  22    D     0.76    30.36    28.75    5.3   2521     0.416
  23    D     0.79    30.93    29.33    5.2   2521     0.416
  24    D     0.82    31.31    29.72    5.1   2503     0.416
  25    T     0.85    80.84    77.80    3.8   1093     0.448
  26    T     0.93    14.84    13.80    7.0   1349     0.128
  27    D     0.95    31.33    29.71    5.1   2521     0.416
  28    D     0.98    31.55    29.93    5.1   2521     0.416
  29    D     1.01    31.53    29.94    5.0   2503     0.416
  30    T     1.04    81.68    78.80    3.5   1093     0.448
  31    T     1.12    15.55    14.52    6.6   1349     0.128
  32    D     1.14    31.47    29.85    5.1   2521     0.416
  33    D     1.17    31.03    29.42    5.2   2521     0.416
  34    D     1.20    30.77    29.18    5.2   2503     0.416
  35    T     1.23    78.49    76.24    2.9   1093     0.448
  36    T     1.31    15.11    14.07    6.8   1349     0.128
  37    D     1.33    30.56    28.95    5.3   2521     0.416
  38    D     1.36    31.09    29.48    5.2   2521     0.416
  39    D     1.39    30.01    28.42    5.3   2503     0.416
  40    T     1.42    73.01    70.77    3.1   1093     0.448
  41    T     1.49    14.97    13.94    6.9   1349     0.128
  42    D     1.51    31.09    29.48    5.2   2521     0.416
  43    D     1.54    30.20    28.59    5.3   2521     0.416
  44    D     1.57    30.51    28.93    5.2   2503     0.416
  45    T     1.60    73.22    71.00    3.0   1093     0.448
  46    T     1.68    14.61    13.57    7.2   1349     0.128
  47    D     1.69    31.24    29.62    5.2   2521     0.416
  48    D     1.72    31.38    29.78    5.1   2521     0.416
  49    D     1.75    30.94    29.36    5.1   2503     0.416
  50    T     1.79    71.70    69.32    3.3   1096     0.448
  51    T     1.86    14.20    13.17    7.2   1349     0.128
  52    D     1.87    31.63    30.03    5.1   2521     0.416
  53    D     1.90    31.68    30.06    5.1   2521     0.416
  54    D     1.94    31.40    29.81    5.1   2503     0.416
  55    T     1.97    65.81    63.58    3.4   1093     0.448
  56    T     2.03    13.78    12.65    8.2   1349     0.128
  57    D     2.05    17.78    16.19    8.9   2473     0.416
  58    D     2.07    17.78    16.19    8.9   2473     0.416
  59    D     2.08    17.65    16.08    8.9   2455     0.416
  60    T     2.10    28.93    26.71    7.7   1093     0.416
  61    T     2.13    12.23    11.20    8.4   1349     0.128
  62    D     2.14    13.87    12.25   11.7   2473     0.416
  63    D     2.16    13.82    12.20   11.7   2473     0.416
  64    D     2.17    13.83    12.24   11.5   2455     0.416
  65    T     2.19    21.36    20.01    6.3   1070     0.416
  66    D     2.21    11.50     9.91   13.9   2405     0.416
  67    D     2.22    11.49     9.91   13.8   2403     0.416
  68    D     2.23    11.49     9.90   13.8   2403     0.416
  69    D     2.24    14.04    12.06   14.1   2416     0.416
  70    T     2.26    18.64    17.97    3.6   1059     0.448
  71    D     2.28    11.50     9.91   13.9   2403     0.416
  72    D     2.29    11.48     9.90   13.8   2403     0.416
  73    D     2.30    11.48     9.89   13.9   2403     0.416
  74    D     2.31    13.27    11.32   14.6   2416     0.416
  75    T     2.32    19.12    17.90    6.4   1059     0.416
  76    D     2.34    11.48     9.89   13.8   2403     0.416
  77    D     2.35    11.48     9.89   13.8   2403     0.416
  78    D     2.37    11.47     9.89   13.8   2403     0.416
  79    D     2.38    12.93    11.02   14.8   2416     0.416
  80    T     2.39    18.59    17.92    3.6   1057     0.416
  81    D     2.41    11.37     9.78   14.0   2405     0.416
  82    D     2.42    11.35     9.77   13.9   2403     0.416
  83    D     2.43    11.34     9.77   13.9   2403     0.416
  84    D     2.44    13.22    11.52   12.9   2412     0.416
  85    T     2.46    19.00    17.98    5.4   1061     0.416
  86    D     2.48    11.36     9.77   14.0   2405     0.416
  87    D     2.49    11.33     9.76   13.9   2403     0.416
  88    D     2.50    11.29     9.72   13.9   2403     0.416
  89    D     2.51    13.97    12.08   13.5   2416     0.416
  90    T     2.52    18.60    17.93    3.6   1059     0.416
  91    D     2.54    11.29     9.71   14.0   2403     0.416
  92    D     2.55    11.30     9.72   14.0   2403     0.416
  93    D     2.57    11.29     9.71   13.9   2403     0.416
  94    D     2.58    13.87    11.92   14.0   2416     0.416
  95    T     2.59    18.64    17.98    3.6   1059     0.416
  96    D     2.61    11.24     9.66   14.0   2403     0.416
  97    D     2.62    11.23     9.66   14.0   2403     0.416
  98    D     2.63    11.24     9.66   14.0   2403     0.416
  99    D     2.64    14.29    12.40   13.2   2416     0.416
 100    T     2.66    18.95    18.29    3.5   1057     0.416
 101    D     2.68    11.25     9.67   14.1   2405     0.416
 102    D     2.69    11.24     9.66   14.0   2403     0.416
 103    D     2.70    11.24     9.66   14.0   2403     0.416
 104    D     2.71    14.86    12.97   12.7   2416     0.416
 105    T     2.73    18.94    18.29    3.5   1057     0.416
 106    D     2.74    11.25     9.66   14.1   2405     0.416
 107    D     2.76    11.23     9.65   14.0   2403     0.416
 108    D     2.77    11.22     9.66   14.0   2403     0.416
 109    D     2.78    14.69    12.78   13.0   2416     0.416
 110    T     2.79    18.96    18.30    3.5   1059     0.416
 111    D     2.81    11.22     9.65   14.0   2403     0.416
 112    D     2.82    11.23     9.66   14.0   2403     0.416
 113    D     2.83    11.23     9.66   14.0   2403     0.416
 114    D     2.85    15.36    13.45   12.4   2416     0.416
 115    T     2.86    19.49    18.83    3.4   1059     0.416
 116    D     2.88    11.24     9.66   14.1   2403     0.416
 117    D     2.89    11.23     9.65   14.0   2403     0.416
 118    D     2.90    11.22     9.65   14.0   2403     0.416
 119    D     2.91    16.29    14.36   11.8   2416     0.416
 120    T     2.93    19.73    19.08    3.3   1057     0.416
 121    D     2.95    11.23     9.65   14.1   2405     0.416
 122    D     2.96    11.24     9.65   14.1   2403     0.416
 123    D     2.97    11.22     9.65   14.0   2403     0.416
 124    D     2.98    15.29    13.42   12.2   2416     0.416
 125    T     3.00    19.30    18.64    3.4   1057     0.416
 126    D     3.02    11.23     9.65   14.1   2405     0.416
 127    D     3.03    11.23     9.66   14.0   2403     0.416
 128    D     3.04    11.22     9.65   14.0   2403     0.416
 129    D     3.05    15.43    13.46   12.8   2416     0.416
 130    T     3.07    19.23    18.56    3.4   1059     0.416
 131    D     3.09    11.23     9.66   14.0   2403     0.416
 132    D     3.10    11.22     9.65   14.0   2403     0.416
 133    D     3.11    11.23     9.65   14.0   2403     0.416
 134    D     3.12    15.42    13.50   12.5   2416     0.416
 135    T     3.14    19.39    18.73    3.4   1059     0.416
 136    D     3.16    11.23     9.65   14.1   2403     0.416
 137    D     3.17    11.22     9.66   14.0   2403     0.416
 138    D     3.18    11.22     9.65   14.0   2403     0.416
 139    D     3.19    15.36    13.55   11.8   2412     0.416
 140    T     3.21    19.72    18.67    5.3   1061     0.416
 141    D     3.23    11.24     9.65   14.1   2405     0.416
 142    D     3.24    11.22     9.65   14.0   2403     0.416
 143    D     3.25    11.23     9.65   14.0   2403     0.416
 144    D     3.26    15.57    13.38   14.1   2416     0.416
 145    T     3.28    19.58    18.93    3.3   1057     0.416
 146    D     3.30    11.24     9.65   14.1   2405     0.416
 147    D     3.31    11.22     9.65   14.0   2403     0.416
 148    D     3.32    11.22     9.65   14.0   2403     0.416
 149    D     3.33    15.74    14.03   10.9   2412     0.416
 150    T     3.35    20.09    19.05    5.2   1063     0.416
 151    D     3.37    11.23     9.65   14.1   2403     0.416
 152    D     3.38    11.22     9.64   14.0   2403     0.416
 153    D     3.39    11.21     9.64   14.0   2403     0.416
 154    D     3.40    16.66    14.59   12.5   2416     0.416
 155    T     3.42    19.35    18.69    3.4   1057     0.416
 156    D     3.44    11.23     9.65   14.1   2405     0.416
 157    D     3.45    11.24     9.66   14.1   2403     0.416
 158    D     3.46    11.23     9.65   14.1   2403     0.416
 159    D     3.47    11.13     9.57   14.0   2385     0.416
